generate_calibration_metrics/02_mk_vector_for_grid_location/topo100.asc
ncols         767
nrows         739
xllcorner     405061.89957022
yllcorner     1243310.870597
cellsize      100
NODATA_value  -9999
[rows 152 to 189 of 739, columns 86 to 171 of 767]
1666 1788 1923 1967 1850 1735 1696 1687 1679 1707 1643 1509 1444 1416 1386 1368 1367 1344 1338 1342 1368 1379 1379 1376 1380 1462 1479 1506 1531 1543 1465 1439 1419 1397 1385 1331 1308 1286 1266 1244 1188 1115 1111 1087 1047 996 905 866 826 780 749 694 668 636 626 613 607 606 597 593 603 587 579 579 579 579 578 576 575 574 574 579 578 578 576 574 574 573 575 574 574 571 568 566 566 566
1658 1732 1876 1963 1870 1767 1721 1707 1705 1727 1651 1517 1441 1407 1388 1381 1372 1367 1369 1373 1408 1428 1438 1445 1458 1536 1546 1543 1526 1489 1433 1406 1390 1365 1344 1300 1252 1235 1215 1187 1124 1056 1051 1025 995 954 881 835 791 748 713 666 649 634 617 612 608 610 603 589 591 584 581 580 579 579 577 575 574 574 574 576 576 575 574 574 574 573 575 575 573 571 568 567 568 568
1675 1725 1844 1955 1899 1813 1764 1750 1762 1765 1686 1568 1479 1426 1408 1411 1400 1393 1403 1415 1458 1469 1488 1503 1522 1548 1537 1502 1456 1427 1394 1353 1333 1312 1285 1255 1198 1174 1154 1127 1095 1017 997 981 952 919 882 826 769 721 685 645 627 612 609 609 610 602 590 585 581 580 578 578 578 578 577 575 574 574 574 574 574 574 574 574 574 573 574 573 572 569 568 567 568 569
1685 1731 1842 1966 1940 1876 1835 1830 1838 1767 1679 1573 1501 1454 1442 1450 1448 1438 1441 1454 1470 1502 1516 1527 1543 1537 1486 1445 1409 1386 1362 1296 1272 1257 1236 1203 1147 1111 1097 1078 1051 1001 954 934 903 871 836 775 733 696 673 650 620 605 610 610 609 588 580 579 578 577 577 577 578 578 576 575 574 574 574 574 574 574 574 574 574 574 573 573 573 570 568 568 570 571
1697 1742 1848 1945 1989 1917 1881 1900 1871 1773 1693 1597 1526 1486 1482 1486 1515 1506 1483 1482 1497 1526 1536 1543 1528 1492 1410 1382 1355 1329 1305 1268 1224 1210 1187 1153 1112 1048 1027 1011 989 951 885 877 847 814 785 701 662 641 640 636 615 604 599 595 588 578 578 578 578 579 577 578 577 577 577 575 574 574 574 574 574 574 574 574 574 573 574 574 572 570 569 569 571 572
1735 1791 1902 1989 1953 1847 1833 1847 1832 1774 1697 1626 1554 1508 1512 1518 1575 1575 1528 1504 1509 1531 1535 1505 1471 1435 1355 1319 1306 1274 1230 1201 1155 1122 1099 1055 1037 969 965 952 932 886 844 823 796 766 742 672 628 615 620 617 610 593 579 578 578 579 581 581 589 578 577 577 578 578 577 576 575 574 574 574 574 574 574 574 573 575 575 574 573 571 570 570 573 574
1779 1842 1902 1922 1890 1829 1743 1747 1751 1738 1699 1646 1606 1575 1575 1587 1596 1590 1557 1526 1524 1511 1468 1427 1416 1382 1339 1273 1234 1209 1188 1176 1104 1060 1041 1011 980 947 924 904 869 834 784 777 750 720 679 630 605 603 605 603 607 583 581 579 579 583 597 619 598 577 579 578 578 577 578 577 577 574 574 574 574 574 574 574 575 577 577 574 572 571 572 571 574 576
1821 1821 1810 1812 1794 1764 1671 1650 1652 1654 1660 1643 1600 1587 1581 1576 1560 1523 1518 1513 1502 1477 1386 1361 1339 1319 1291 1237 1192 1177 1163 1121 1053 986 957 955 923 900 872 849 825 794 759 705 687 656 618 606 608 609 600 599 607 579 579 579 581 580 592 587 579 579 577 578 577 578 578 578 579 575 574 574 574 574 576 577 577 578 577 574 572 572 572 573 574 577
1799 1719 1698 1704 1677 1650 1602 1588 1582 1579 1581 1578 1513 1517 1509 1498 1495 1431 1427 1426 1410 1394 1334 1308 1289 1279 1264 1220 1183 1136 1128 1068 1005 933 919 890 877 861 802 774 750 716 693 673 634 627 614 610 611 610 600 590 594 585 581 580 579 579 579 579 580 579 578 577 578 578 580 580 579 576 574 574 574 575 578 590 602 583 577 574 572 573 573 574 575 581
1705 1672 1622 1611 1600 1582 1562 1505 1514 1505 1498 1483 1445 1428 1419 1413 1410 1373 1363 1351 1331 1317 1294 1255 1244 1232 1214 1198 1118 1092 1071 1025 977 914 888 856 831 798 771 729 726 697 678 649 625 619 614 606 612 599 583 581 582 583 579 579 579 579 580 579 579 579 578 579 578 578 580 582 578 577 576 575 577 582 588 609 608 582 574 573 573 575 575 576 577 597
1606 1603 1554 1536 1521 1503 1487 1448 1430 1419 1412 1397 1364 1358 1357 1355 1352 1351 1308 1295 1278 1266 1255 1214 1193 1173 1148 1126 1054 1012 984 949 918 865 833 808 781 758 738 730 714 695 667 642 622 617 610 599 595 584 579 579 579 579 579 579 579 580 580 579 579 579 578 579 578 578 581 581 578 576 576 577 579 580 603 596 588 575 573 573 574 577 576 575 590 614
1512 1533 1473 1450 1436 1423 1405 1384 1355 1352 1340 1324 1329 1284 1294 1299 1294 1296 1270 1244 1232 1219 1208 1179 1125 1087 1056 1033 997 947 933 899 869 850 788 753 735 738 730 711 683 659 642 628 617 612 609 594 579 579 579 579 579 579 579 579 579 581 579 579 579 579 579 580 578 578 578 589 578 577 576 578 579 579 581 586 577 577 573 573 574 578 580 609 634 642
1414 1433 1429 1359 1355 1353 1337 1332 1297 1293 1286 1268 1264 1232 1240 1241 1237 1244 1219 1196 1182 1170 1149 1130 1030 1001 981 958 941 897 876 844 804 791 765 717 710 716 710 665 634 624 617 608 611 603 598 588 581 579 580 583 583 579 579 579 580 583 579 580 579 579 579 584 580 578 593 600 579 578 576 576 577 578 576 576 576 578 577 574 575 584 591 619 643 646
1338 1343 1343 1307 1300 1290 1284 1278 1244 1242 1228 1217 1203 1199 1171 1174 1173 1183 1188 1139 1132 1108 1084 1052 984 958 938 915 898 874 825 792 753 741 720 679 661 669 657 637 610 606 607 608 605 596 594 584 579 579 584 590 588 584 579 582 588 589 582 579 579 579 578 581 585 577 623 596 578 579 576 576 576 576 577 585 576 578 577 577 583 597 613 628 644 645
1268 1270 1275 1246 1235 1233 1229 1225 1230 1180 1171 1152 1136 1147 1113 1112 1112 1125 1127 1089 1069 1048 1018 977 934 912 894 873 847 828 776 755 723 700 691 638 624 621 616 615 606 604 604 604 604 601 600 594 587 583 588 601 600 590 586 590 609 599 584 579 579 579 578 578 579 577 590 577 579 580 576 576 576 577 581 597 587 586 580 578 588 609 614 621 629 626
1206 1207 1206 1211 1169 1170 1166 1166 1161 1121 1112 1094 1076 1088 1045 1046 1047 1059 1061 1033 990 975 953 919 904 848 832 808 787 773 748 726 703 682 639 609 610 609 608 608 606 605 604 604 605 606 610 605 601 590 589 606 609 599 597 598 605 597 584 579 578 578 579 577 577 577 577 577 578 578 576 576 586 589 601 611 615 625 615 612 594 595 606 603 604 608
1144 1150 1146 1152 1108 1112 1110 1120 1106 1072 1049 1033 1012 1014 1019 973 975 979 971 949 903 895 874 855 836 812 779 759 743 730 713 703 683 643 613 609 609 608 610 610 610 606 604 605 609 610 610 610 603 595 592 603 609 604 605 608 600 597 586 578 579 579 578 577 577 577 577 577 577 577 577 576 587 608 606 631 641 635 595 586 582 582 586 591 604 616
1090 1090 1086 1091 1083 1053 1050 1059 1050 1045 987 976 958 950 949 907 897 896 887 874 828 824 808 794 778 767 735 717 702 690 694 642 625 609 609 609 609 611 613 611 609 607 606 607 611 610 610 609 607 600 596 601 608 601 601 604 599 602 595 584 582 579 580 578 577 577 577 577 577 577 577 577 578 582 587 595 615 598 582 582 582 582 582 588 604 620
1040 1037 1032 1037 1023 994 992 989 985 980 941 939 928 925 902 868 848 836 824 809 802 764 746 739 731 729 690 677 668 652 635 609 609 610 610 613 612 614 615 611 610 608 610 610 610 610 610 610 608 602 600 599 600 600 603 603 602 608 607 599 590 584 580 581 577 577 577 577 577 578 579 577 577 579 582 582 582 582 582 582 582 582 582 584 602 610
978 982 974 975 974 926 929 929 916 919 925 913 908 878 858 842 810 799 793 782 759 729 705 697 690 684 655 639 627 615 609 609 612 615 618 621 617 617 617 614 613 611 613 614 611 610 610 609 606 603 603 601 601 602 608 608 607 609 611 608 594 582 578 578 577 577 577 577 577 577 581 580 577 577 586 582 588 582 582 582 582 582 582 585 605 614
930 923 921 919 914 907 858 853 842 845 864 837 836 823 811 809 780 774 769 755 742 718 693 673 663 657 648 610 609 610 609 609 615 626 631 634 626 621 619 617 616 616 618 620 619 617 615 611 607 606 608 605 604 607 607 612 610 612 612 607 591 578 577 577 577 577 577 577 577 578 583 585 582 577 584 583 594 582 582 582 582 582 582 585 602 618
864 857 867 863 858 847 816 808 802 801 806 776 774 774 772 767 755 731 733 724 719 711 678 660 646 635 617 609 610 614 609 609 611 630 640 639 632 623 621 620 620 621 622 630 631 627 625 613 609 610 609 607 607 610 612 615 617 616 615 610 589 577 577 577 577 577 577 577 577 577 581 587 590 582 585 589 596 586 582 582 582 582 582 593 616 634
840 811 813 813 813 812 795 777 773 766 758 741 718 716 709 704 699 677 682 684 687 680 624 619 612 610 609 609 609 609 609 609 612 629 638 634 626 623 623 623 624 625 630 637 639 635 636 618 615 613 609 614 614 613 620 622 623 619 611 603 586 577 577 577 577 577 577 577 577 577 580 586 595 593 582 596 597 595 582 582 582 582 592 607 625 666
805 780 773 775 782 783 769 747 739 735 723 707 688 686 672 666 661 648 633 627 620 614 615 609 609 609 609 609 609 609 609 610 613 620 629 626 623 624 627 627 627 629 636 638 641 640 633 624 621 631 629 626 627 624 629 628 630 625 612 605 598 580 577 577 577 577 577 577 577 577 577 585 595 596 582 600 596 593 582 582 592 607 621 634 655 701
763 755 736 735 737 740 743 713 715 711 700 687 668 668 666 655 642 641 612 609 609 609 609 609 609 609 609 609 609 609 609 611 615 619 622 624 625 625 628 630 631 631 634 640 638 636 631 631 633 640 640 641 640 634 636 633 637 633 619 607 609 585 579 578 577 577 577 577 577 577 577 578 584 589 577 602 593 596 589 589 653 670 688 696 704 727
732 725 695 708 704 703 703 687 686 690 681 669 663 651 646 638 630 614 609 609 609 609 609 609 609 609 609 609 609 609 609 612 617 621 624 626 627 628 630 633 633 634 634 635 636 633 635 636 641 642 651 658 649 647 640 687 679 645 631 618 610 591 581 578 577 577 577 577 577 577 577 577 578 577 577 613 615 634 635 640 670 731 750 740 752 763
700 691 671 668 668 668 666 660 647 650 646 647 644 645 636 613 610 609 609 609 609 609 609 609 609 609 609 609 609 609 609 611 617 622 628 629 629 630 632 635 637 637 637 636 635 640 645 647 655 660 675 679 684 672 680 736 700 673 648 628 610 603 581 577 577 577 577 577 577 577 577 577 577 583 607 631 679 676 680 693 721 764 779 784 810 825
685 665 659 642 636 633 635 635 613 613 620 624 625 637 612 609 609 609 609 609 609 609 609 609 609 609 609 609 609 609 609 615 622 627 630 632 631 633 636 637 643 652 654 649 656 680 669 669 671 681 704 696 707 704 734 739 741 705 662 635 622 611 587 577 577 577 577 583 592 597 594 577 581 618 667 692 709 712 718 752 762 806 828 852 877 892
673 664 649 631 621 617 611 611 609 610 609 609 609 611 609 609 609 609 609 609 609 609 611 612 615 616 613 610 609 610 618 624 628 632 634 635 634 635 639 639 645 672 677 677 686 701 704 704 708 734 743 746 763 761 771 770 765 729 687 667 636 623 601 585 585 577 585 614 611 610 590 577 593 646 703 746 763 777 798 819 833 848 925 940 959 977
638 629 621 615 610 609 609 609 609 609 609 609 609 609 609 609 609 609 609 610 617 621 623 637 632 641 638 628 620 620 629 632 634 635 638 636 636 636 637 639 651 683 693 696 700 734 771 792 800 795 765 784 807 813 809 799 807 765 727 698 661 629 612 606 609 584 584 605 608 596 584 579 601 623 735 789 798 824 853 876 893 920 977 1003 1025 1034
609 609 609 609 609 609 609 609 609 609 609 609 609 609 609 609 609 609 609 618 639 640 638 637 639 649 648 646 644 633 637 638 637 642 646 637 646 669 689 677 705 754 748 732 737 747 784 817 836 830 812 844 872 871 862 855 846 820 778 764 686 634 623 612 609 607 590 594 604 590 580 582 609 676 768 807 814 858 898 910 930 958 999 1022 1068 1081
609 609 609 609 609 609 609 609 609 609 609 609 609 609 609 609 609 616 628 637 640 641 641 647 648 653 655 659 668 654 645 662 667 667 657 649 730 751 752 754 740 782 809 786 781 784 801 843 879 878 864 887 904 924 923 898 853 803 791 754 692 648 689 691 690 721 648 595 596 589 581 584 600 646 748 804 832 876 921 938 961 987 1017 1055 1075 1101
609 609 609 609 609 609 609 609 609 609 609 609 609 609 609 610 609 617 633 640 639 639 639 642 656 658 661 662 660 657 661 687 698 707 696 711 769 780 788 792 785 792 815 825 858 854 870 910 900 904 907 910 954 961 938 904 839 791 761 743 703 682 718 737 743 721 631 599 597 590 587 592 600 639 718 785 834 884 915 939 984 1015 1049 1125 1112 1115
609 609 609 609 609 609 609 609 609 609 609 609 609 609 611 616 617 621 626 635 639 641 642 652 662 664 666 668 675 680 683 699 725 742 753 756 791 796 825 827 831 824 848 864 914 940 939 949 935 935 929 934 968 975 943 916 845 795 780 804 778 707 701 711 716 695 626 603 597 592 590 595 603 637 685 760 822 906 944 986 1061 1106 1135 1157 1208 1177
609 609 609 609 609 609 609 609 609 609 609 609 609 609 619 620 627 632 639 639 644 651 662 673 673 671 674 704 719 732 720 732 762 767 779 782 788 817 824 839 845 864 890 923 932 971 979 976 985 977 968 986 1009 996 948 895 839 798 800 773 737 710 701 696 690 678 657 618 599 593 595 598 601 622 664 734 809 894 948 997 1061 1133 1162 1199 1277 1267
609 609 609 609 609 610 612 609 609 609 609 609 609 613 627 630 636 636 640 647 651 663 675 685 691 689 697 738 746 753 750 752 781 791 800 804 804 839 846 859 880 908 934 996 968 980 1010 996 1041 1027 1039 1033 1023 1017 965 902 847 814 787 742 708 696 696 697 696 689 650 614 599 593 596 600 605 619 656 712 793 862 927 994 1073 1148 1219 1266 1360 1387
610 609 610 611 614 617 621 618 612 617 619 624 628 639 641 642 647 659 655 658 662 672 691 696 704 717 727 755 767 772 775 777 801 809 822 828 824 854 872 903 950 969 999 1041 1011 1026 1067 1071 1087 1071 1067 1061 1047 1024 969 934 904 841 796 738 711 704 714 706 700 669 630 608 599 594 596 597 606 621 668 714 788 858 917 983 1063 1129 1205 1286 1368 1424
611 616 618 620 622 624 631 636 638 639 639 636 661 661 657 655 665 673 680 667 673 688 704 717 725 730 751 778 788 794 801 812 812 840 850 858 868 875 898 938 964 992 1038 1040 1038 1068 1092 1127 1125 1117 1114 1115 1089 1043 1012 1003 935 856 788 750 736 739 725 704 663 612 597 596 594 595 597 596 609 625 658 740 792 841 900 951 1012 1093 1162 1242 1323 1378
