generate_calibration_metrics/02_mk_vector_for_grid_location/topo100.asc
ncols         767
nrows         739
xllcorner     405061.89957022
yllcorner     1243310.870597
cellsize      100
NODATA_value  -9999
[rows 456 to 493 of 739, columns 430 to 515 of 767]
1191 1207 1232 1190 1161 1155 1166 1195 1197 1199 1212 1241 1297 1309 1318 1323 1327 1369 1394 1412 1426 1440 1483 1504 1522 1550 1577 1523 1462 1416 1363 1308 1236 1161 1095 1034 1004 1005 1007 1062 1120 1187 1254 1332 1390 1439 1478 1526 1591 1665 1713 1674 1582 1511 1466 1460 1482 1507 1543 1582 1628 1711 1789 1873 1946 2017 2105 2123 2080 1999 1944 1886 1819 1739 1653 1590 1533 1487 1478 1482 1530 1567 1602 1629 1665 1678
1237 1249 1247 1214 1195 1200 1206 1224 1232 1228 1249 1284 1340 1349 1355 1359 1366 1403 1427 1446 1459 1472 1511 1530 1545 1576 1611 1566 1497 1450 1398 1330 1313 1233 1166 1088 1040 1028 1005 1032 1092 1155 1214 1284 1344 1399 1446 1496 1551 1614 1671 1688 1624 1543 1504 1483 1489 1522 1560 1601 1656 1748 1823 1890 1962 2033 2118 2116 2076 2005 1948 1884 1813 1724 1652 1598 1525 1493 1495 1492 1516 1546 1584 1608 1641 1676
1279 1300 1297 1247 1227 1233 1236 1249 1264 1264 1270 1310 1347 1388 1388 1392 1404 1427 1468 1483 1493 1505 1534 1556 1567 1588 1639 1611 1541 1491 1452 1413 1382 1300 1221 1145 1079 1040 1006 1010 1050 1109 1153 1224 1295 1357 1415 1453 1508 1543 1597 1659 1664 1662 1601 1528 1522 1563 1604 1660 1722 1827 1919 1959 2006 2073 2127 2105 2057 2001 1946 1883 1775 1692 1628 1572 1518 1495 1498 1504 1513 1546 1581 1615 1649 1680
1327 1364 1329 1269 1252 1256 1258 1259 1286 1294 1305 1344 1381 1428 1421 1420 1435 1461 1507 1517 1530 1541 1555 1581 1598 1625 1662 1620 1574 1518 1478 1444 1384 1324 1252 1184 1101 1053 1022 1006 1035 1086 1117 1179 1255 1327 1389 1428 1459 1490 1529 1582 1620 1678 1678 1619 1575 1648 1692 1760 1827 1884 1943 1983 2016 2060 2123 2100 2035 1970 1910 1840 1743 1666 1605 1548 1500 1485 1491 1516 1529 1565 1595 1629 1661 1686
1372 1422 1366 1301 1280 1277 1274 1279 1292 1315 1332 1361 1405 1453 1455 1447 1468 1496 1539 1549 1559 1564 1569 1605 1649 1673 1706 1664 1626 1563 1513 1484 1432 1382 1325 1258 1179 1092 1058 1026 1026 1060 1097 1128 1188 1265 1341 1387 1407 1427 1458 1504 1518 1560 1605 1639 1655 1675 1699 1756 1801 1852 1841 1887 1942 1996 2053 2085 2055 1988 1908 1826 1732 1670 1610 1546 1499 1456 1454 1476 1521 1565 1608 1638 1663 1678
1387 1459 1416 1338 1314 1299 1297 1300 1312 1333 1354 1379 1417 1463 1490 1491 1508 1534 1549 1580 1584 1585 1591 1619 1696 1763 1746 1692 1637 1593 1550 1514 1461 1400 1348 1293 1218 1140 1092 1055 1042 1048 1084 1107 1161 1232 1317 1369 1372 1378 1403 1446 1487 1481 1523 1549 1577 1614 1604 1660 1696 1746 1783 1803 1873 1944 2003 2051 2048 1984 1879 1770 1683 1628 1572 1512 1466 1426 1426 1437 1474 1550 1591 1607 1608 1618
1407 1488 1451 1374 1341 1325 1322 1327 1332 1361 1383 1417 1450 1471 1519 1537 1558 1571 1582 1610 1615 1614 1614 1632 1737 1812 1768 1703 1658 1602 1560 1532 1485 1413 1360 1320 1260 1187 1121 1091 1069 1049 1062 1086 1122 1185 1261 1321 1316 1331 1353 1383 1415 1421 1459 1483 1501 1525 1542 1579 1626 1665 1703 1721 1796 1862 1925 2003 2004 1960 1849 1744 1677 1591 1545 1493 1441 1424 1419 1424 1434 1485 1520 1530 1530 1540
1406 1498 1519 1436 1378 1356 1351 1351 1356 1377 1397 1429 1467 1493 1538 1561 1580 1612 1622 1630 1641 1640 1641 1666 1782 1785 1744 1689 1646 1607 1575 1532 1484 1417 1368 1337 1285 1211 1157 1125 1094 1073 1061 1077 1101 1144 1206 1258 1297 1291 1316 1346 1375 1402 1415 1443 1468 1485 1496 1521 1558 1602 1638 1653 1719 1781 1847 1916 1951 1913 1812 1729 1644 1566 1507 1460 1429 1419 1417 1421 1427 1450 1473 1477 1483 1491
1421 1502 1544 1471 1397 1387 1377 1378 1383 1390 1416 1442 1487 1533 1562 1593 1608 1662 1674 1656 1663 1664 1670 1710 1785 1747 1718 1678 1639 1611 1569 1513 1461 1416 1368 1341 1303 1227 1173 1129 1105 1086 1071 1074 1100 1127 1173 1225 1259 1284 1312 1345 1367 1385 1380 1402 1425 1445 1473 1471 1513 1545 1579 1629 1653 1720 1778 1850 1911 1889 1799 1715 1628 1544 1485 1445 1423 1416 1415 1419 1424 1430 1442 1448 1460 1476
1430 1485 1561 1519 1455 1439 1407 1404 1407 1410 1423 1448 1489 1542 1586 1620 1638 1673 1704 1685 1688 1687 1696 1738 1772 1699 1671 1646 1620 1575 1518 1486 1446 1409 1369 1339 1312 1260 1205 1155 1129 1108 1092 1084 1094 1116 1150 1198 1242 1265 1286 1310 1325 1342 1331 1352 1371 1394 1425 1425 1460 1492 1520 1564 1588 1649 1717 1781 1844 1843 1768 1678 1579 1506 1445 1426 1416 1412 1414 1420 1425 1429 1432 1447 1461 1476
1433 1480 1571 1576 1507 1472 1456 1433 1429 1425 1437 1453 1495 1563 1619 1644 1678 1708 1737 1723 1713 1712 1726 1758 1725 1643 1591 1561 1537 1515 1462 1433 1413 1389 1361 1336 1310 1270 1221 1177 1160 1132 1111 1098 1098 1117 1144 1177 1212 1227 1235 1255 1276 1297 1322 1322 1341 1365 1385 1410 1423 1452 1483 1518 1538 1579 1645 1716 1784 1774 1723 1638 1533 1469 1414 1409 1407 1406 1414 1426 1431 1432 1440 1449 1461 1474
1454 1495 1591 1652 1604 1565 1508 1456 1447 1443 1444 1461 1486 1551 1625 1655 1710 1734 1764 1786 1771 1777 1738 1694 1663 1604 1562 1532 1510 1485 1460 1436 1407 1386 1367 1350 1331 1296 1254 1215 1201 1178 1148 1123 1111 1120 1129 1150 1170 1190 1200 1218 1243 1269 1294 1299 1311 1330 1348 1367 1380 1405 1432 1461 1470 1498 1557 1626 1675 1732 1688 1598 1484 1433 1408 1395 1396 1400 1410 1428 1439 1444 1447 1452 1459 1471
1468 1497 1563 1683 1730 1635 1559 1498 1467 1461 1461 1478 1499 1560 1631 1691 1735 1797 1805 1827 1838 1804 1716 1650 1605 1578 1545 1524 1508 1489 1465 1449 1423 1400 1384 1366 1347 1316 1275 1241 1221 1195 1166 1142 1124 1126 1145 1154 1165 1183 1199 1218 1242 1266 1284 1285 1284 1290 1308 1342 1345 1361 1382 1412 1446 1439 1487 1543 1597 1665 1610 1533 1450 1411 1389 1376 1378 1378 1395 1421 1442 1460 1459 1456 1459 1478
1493 1522 1597 1679 1716 1653 1619 1543 1489 1480 1478 1485 1521 1572 1647 1691 1695 1747 1803 1848 1856 1729 1674 1627 1586 1562 1545 1532 1517 1501 1480 1464 1443 1422 1407 1382 1369 1346 1314 1266 1227 1213 1187 1166 1147 1145 1164 1167 1174 1183 1196 1216 1234 1251 1262 1250 1236 1240 1258 1288 1289 1302 1320 1349 1380 1408 1427 1461 1502 1557 1573 1520 1451 1410 1383 1362 1357 1355 1352 1391 1416 1449 1460 1455 1460 1487
1525 1535 1613 1711 1773 1750 1680 1615 1526 1497 1492 1500 1532 1569 1617 1649 1671 1684 1709 1800 1774 1721 1668 1638 1612 1577 1552 1546 1532 1518 1497 1483 1471 1452 1436 1405 1378 1357 1335 1309 1261 1233 1209 1185 1166 1156 1170 1180 1181 1184 1192 1201 1209 1211 1212 1210 1191 1202 1219 1237 1256 1251 1278 1310 1344 1369 1390 1420 1444 1482 1502 1483 1439 1401 1373 1346 1330 1319 1318 1350 1398 1414 1429 1444 1470 1500
1565 1571 1630 1718 1808 1803 1714 1624 1545 1513 1509 1517 1550 1586 1620 1641 1665 1693 1710 1742 1737 1703 1699 1676 1634 1592 1569 1563 1547 1531 1511 1495 1503 1478 1458 1416 1374 1346 1332 1316 1286 1251 1223 1201 1186 1171 1182 1187 1188 1189 1192 1189 1189 1189 1189 1189 1189 1190 1205 1215 1224 1237 1252 1278 1314 1348 1358 1383 1406 1422 1457 1442 1424 1392 1366 1345 1309 1302 1299 1303 1334 1365 1410 1441 1468 1511
1598 1609 1629 1644 1711 1777 1749 1649 1576 1532 1519 1520 1544 1585 1619 1636 1664 1693 1726 1764 1780 1747 1737 1717 1678 1639 1603 1593 1567 1549 1534 1530 1531 1504 1489 1450 1383 1352 1337 1317 1302 1274 1264 1245 1214 1190 1185 1188 1188 1190 1189 1189 1189 1189 1189 1189 1190 1198 1207 1214 1219 1234 1249 1261 1283 1313 1328 1340 1361 1379 1393 1395 1397 1373 1348 1329 1305 1295 1287 1281 1308 1329 1379 1434 1486 1521
1552 1572 1581 1558 1618 1666 1693 1644 1603 1546 1524 1523 1551 1589 1613 1646 1677 1703 1749 1814 1829 1792 1762 1764 1726 1689 1651 1603 1584 1567 1558 1555 1538 1500 1481 1448 1384 1360 1345 1325 1311 1296 1280 1261 1229 1197 1187 1191 1193 1194 1190 1189 1193 1195 1197 1197 1199 1211 1217 1220 1230 1240 1254 1260 1274 1286 1305 1288 1310 1328 1339 1359 1360 1350 1330 1316 1296 1287 1273 1261 1281 1302 1346 1420 1504 1566
1520 1533 1530 1506 1535 1566 1605 1626 1617 1575 1540 1531 1562 1570 1584 1618 1669 1706 1801 1862 1898 1847 1819 1817 1768 1732 1703 1656 1623 1600 1580 1564 1545 1473 1436 1422 1399 1370 1344 1321 1312 1302 1280 1257 1230 1212 1199 1196 1206 1209 1207 1201 1209 1216 1211 1207 1208 1220 1223 1227 1237 1246 1227 1242 1255 1255 1259 1251 1263 1280 1296 1316 1325 1335 1320 1305 1289 1268 1256 1246 1256 1289 1308 1367 1463 1556
1478 1495 1491 1494 1487 1505 1526 1552 1574 1573 1567 1549 1545 1543 1540 1573 1640 1727 1793 1850 1919 1941 1885 1809 1734 1718 1695 1666 1610 1584 1557 1541 1526 1463 1417 1400 1391 1374 1348 1328 1321 1309 1291 1273 1253 1226 1212 1209 1217 1217 1217 1215 1216 1220 1219 1216 1218 1222 1227 1231 1234 1227 1227 1227 1227 1239 1238 1244 1251 1259 1274 1294 1305 1318 1314 1297 1275 1245 1241 1242 1249 1274 1292 1340 1425 1533
1441 1453 1456 1465 1456 1459 1463 1478 1509 1504 1540 1537 1520 1519 1502 1539 1583 1660 1741 1777 1866 1933 1860 1767 1679 1641 1623 1592 1557 1530 1505 1490 1476 1458 1430 1406 1390 1378 1360 1351 1338 1326 1306 1281 1263 1251 1227 1215 1218 1218 1218 1218 1218 1219 1220 1224 1225 1226 1232 1227 1227 1227 1227 1227 1227 1227 1227 1236 1242 1247 1258 1279 1298 1311 1314 1305 1269 1245 1236 1233 1236 1250 1262 1293 1369 1463
1437 1424 1426 1439 1436 1432 1426 1425 1440 1434 1468 1485 1496 1486 1474 1490 1519 1574 1656 1720 1809 1895 1846 1743 1654 1627 1597 1565 1547 1524 1499 1480 1463 1452 1442 1419 1396 1384 1376 1364 1350 1342 1322 1297 1273 1250 1225 1216 1217 1220 1219 1219 1218 1220 1226 1230 1232 1228 1229 1229 1228 1228 1228 1230 1228 1227 1230 1235 1245 1257 1271 1283 1297 1303 1308 1302 1262 1240 1225 1225 1222 1227 1243 1260 1328 1404
1443 1419 1406 1411 1405 1393 1394 1391 1402 1419 1397 1416 1436 1437 1441 1454 1487 1533 1615 1685 1774 1825 1781 1697 1632 1605 1580 1552 1539 1520 1493 1481 1471 1457 1446 1421 1395 1381 1373 1363 1355 1345 1331 1307 1285 1255 1234 1223 1222 1232 1230 1229 1228 1230 1239 1239 1239 1235 1242 1245 1240 1240 1240 1236 1243 1242 1241 1240 1247 1266 1279 1283 1290 1290 1290 1289 1256 1233 1216 1217 1215 1213 1219 1231 1273 1335
1489 1430 1403 1383 1377 1351 1353 1353 1364 1366 1343 1347 1366 1387 1410 1426 1458 1493 1541 1629 1687 1750 1737 1682 1629 1597 1580 1558 1543 1528 1511 1493 1484 1472 1463 1440 1401 1388 1373 1365 1361 1352 1344 1326 1297 1273 1249 1242 1237 1244 1251 1247 1244 1245 1257 1251 1247 1244 1247 1249 1245 1244 1244 1244 1247 1244 1242 1241 1246 1248 1257 1269 1281 1278 1269 1260 1250 1232 1216 1209 1203 1197 1205 1221 1241 1292
1503 1456 1406 1378 1345 1324 1313 1324 1341 1338 1324 1317 1326 1353 1388 1397 1433 1474 1528 1593 1647 1709 1680 1642 1619 1604 1586 1573 1558 1541 1542 1521 1505 1490 1472 1458 1415 1393 1380 1367 1367 1357 1343 1331 1314 1281 1268 1260 1252 1257 1285 1280 1278 1275 1270 1262 1250 1249 1255 1252 1256 1252 1251 1249 1249 1246 1239 1239 1242 1243 1246 1249 1260 1269 1256 1248 1243 1232 1219 1209 1195 1187 1189 1196 1206 1242
1531 1507 1427 1370 1333 1297 1281 1292 1316 1322 1306 1293 1299 1312 1340 1381 1389 1431 1498 1569 1629 1667 1651 1638 1626 1626 1620 1604 1589 1574 1569 1554 1540 1521 1497 1482 1446 1420 1406 1384 1379 1370 1351 1335 1327 1299 1285 1284 1282 1292 1337 1333 1319 1300 1278 1277 1270 1266 1270 1272 1277 1279 1273 1259 1253 1244 1239 1239 1239 1241 1243 1246 1247 1254 1252 1250 1249 1244 1223 1203 1180 1171 1166 1175 1179 1204
1597 1520 1437 1365 1335 1296 1274 1274 1289 1304 1295 1272 1274 1281 1300 1334 1354 1394 1450 1529 1585 1606 1645 1643 1642 1640 1651 1644 1632 1616 1598 1605 1589 1571 1542 1513 1494 1470 1438 1410 1399 1384 1371 1347 1329 1330 1309 1299 1307 1328 1353 1358 1337 1310 1292 1294 1293 1286 1282 1280 1276 1270 1264 1254 1245 1239 1239 1239 1239 1240 1243 1246 1249 1250 1250 1249 1236 1231 1217 1194 1167 1153 1151 1163 1159 1174
1575 1539 1460 1382 1332 1293 1272 1262 1275 1286 1277 1261 1255 1264 1284 1319 1350 1392 1427 1479 1529 1547 1600 1586 1577 1624 1638 1670 1664 1651 1636 1645 1638 1610 1579 1544 1528 1507 1477 1446 1413 1433 1416 1400 1376 1349 1344 1314 1309 1328 1353 1365 1349 1330 1308 1310 1307 1291 1281 1278 1270 1254 1250 1253 1243 1247 1239 1239 1239 1239 1242 1246 1249 1249 1250 1235 1219 1211 1204 1198 1177 1151 1134 1143 1151 1141
1512 1539 1516 1454 1375 1316 1277 1256 1251 1265 1262 1250 1242 1250 1267 1290 1317 1358 1397 1427 1469 1513 1524 1523 1501 1534 1597 1650 1697 1691 1671 1671 1672 1665 1626 1585 1596 1558 1528 1499 1480 1522 1502 1473 1427 1387 1383 1354 1322 1328 1348 1347 1343 1332 1315 1312 1292 1284 1277 1273 1266 1254 1250 1239 1239 1239 1240 1239 1240 1239 1242 1248 1247 1244 1240 1218 1211 1199 1181 1176 1153 1143 1126 1118 1123 1113
1483 1498 1478 1471 1411 1342 1295 1263 1241 1245 1242 1239 1230 1243 1260 1279 1301 1316 1361 1388 1426 1468 1474 1473 1463 1498 1552 1611 1660 1678 1672 1679 1677 1716 1700 1658 1633 1662 1628 1610 1594 1548 1522 1509 1478 1436 1422 1394 1352 1338 1340 1337 1333 1325 1314 1304 1286 1280 1277 1272 1266 1260 1255 1254 1251 1250 1245 1241 1240 1237 1239 1243 1246 1242 1227 1209 1192 1181 1158 1148 1142 1132 1129 1105 1089 1077
1435 1451 1461 1452 1450 1423 1353 1296 1244 1220 1226 1224 1219 1221 1240 1255 1268 1284 1313 1357 1390 1423 1443 1437 1437 1470 1524 1555 1580 1575 1580 1609 1573 1645 1705 1711 1706 1680 1662 1633 1595 1545 1473 1454 1445 1435 1430 1406 1385 1364 1343 1338 1336 1328 1317 1309 1298 1285 1278 1276 1274 1275 1272 1269 1263 1250 1240 1236 1233 1233 1235 1233 1241 1227 1207 1189 1170 1154 1139 1131 1128 1121 1110 1093 1075 1062
1381 1403 1423 1417 1431 1437 1399 1314 1246 1211 1208 1204 1200 1196 1212 1224 1235 1253 1271 1328 1368 1398 1421 1412 1410 1447 1498 1520 1516 1492 1498 1512 1542 1579 1624 1640 1651 1616 1583 1553 1514 1484 1427 1409 1390 1387 1400 1386 1383 1373 1359 1345 1343 1332 1316 1310 1302 1289 1283 1280 1280 1279 1274 1265 1254 1241 1237 1226 1224 1225 1227 1226 1212 1191 1181 1173 1162 1149 1131 1128 1127 1119 1105 1099 1093 1059
1330 1344 1367 1350 1372 1389 1380 1316 1251 1200 1185 1187 1182 1182 1187 1199 1207 1225 1243 1290 1335 1374 1406 1394 1393 1419 1469 1499 1468 1430 1427 1443 1458 1489 1525 1533 1553 1566 1492 1470 1446 1429 1418 1387 1371 1363 1365 1372 1373 1375 1375 1368 1352 1344 1331 1310 1303 1287 1283 1282 1281 1279 1269 1255 1242 1233 1224 1218 1218 1217 1218 1212 1196 1182 1170 1161 1161 1158 1151 1150 1131 1123 1122 1108 1087 1048
1277 1292 1303 1308 1309 1337 1355 1328 1269 1210 1169 1160 1163 1165 1173 1185 1187 1193 1207 1249 1287 1325 1366 1379 1376 1380 1403 1444 1421 1383 1377 1390 1411 1404 1430 1449 1468 1480 1428 1415 1394 1385 1392 1378 1372 1351 1341 1345 1341 1350 1357 1358 1350 1346 1340 1322 1300 1282 1277 1278 1275 1276 1265 1248 1230 1221 1217 1217 1217 1216 1212 1206 1191 1185 1175 1165 1162 1159 1155 1140 1129 1131 1127 1099 1066 1024
1239 1248 1256 1268 1258 1294 1319 1310 1267 1210 1170 1135 1143 1159 1163 1173 1178 1182 1200 1220 1260 1292 1322 1346 1341 1340 1348 1378 1377 1351 1338 1338 1351 1343 1363 1389 1400 1415 1412 1388 1370 1362 1371 1372 1365 1339 1311 1311 1283 1290 1307 1329 1346 1327 1326 1319 1306 1294 1281 1269 1256 1251 1244 1226 1224 1219 1217 1218 1216 1216 1214 1206 1196 1190 1186 1184 1167 1161 1166 1162 1157 1153 1117 1077 1044 1009
1199 1199 1205 1216 1214 1231 1262 1278 1259 1212 1192 1147 1124 1140 1144 1161 1167 1173 1181 1188 1212 1239 1266 1299 1288 1296 1306 1319 1336 1316 1317 1313 1310 1319 1339 1355 1362 1371 1378 1365 1352 1349 1351 1334 1324 1310 1285 1261 1256 1228 1239 1268 1300 1303 1289 1295 1299 1301 1279 1264 1233 1225 1222 1218 1217 1218 1218 1218 1216 1216 1211 1204 1193 1192 1192 1187 1185 1184 1176 1156 1140 1123 1088 1055 1017 979
1172 1168 1167 1180 1194 1205 1229 1246 1239 1213 1195 1162 1113 1112 1134 1143 1157 1164 1172 1180 1194 1210 1233 1257 1248 1262 1278 1287 1296 1296 1294 1299 1309 1315 1321 1323 1330 1336 1348 1315 1312 1313 1302 1311 1264 1257 1241 1213 1209 1183 1184 1211 1239 1248 1236 1251 1257 1256 1256 1247 1237 1226 1220 1218 1215 1215 1219 1217 1217 1217 1213 1207 1197 1202 1211 1219 1209 1186 1131 1110 1093 1084 1073 1041 1001 946
1152 1149 1151 1162 1178 1180 1203 1223 1228 1214 1184 1161 1125 1096 1107 1115 1135 1149 1162 1175 1176 1189 1203 1216 1232 1230 1243 1257 1266 1270 1267 1276 1290 1300 1294 1288 1285 1287 1291 1271 1262 1269 1258 1260 1224 1212 1204 1191 1169 1155 1150 1154 1175 1201 1206 1221 1231 1235 1240 1243 1248 1244 1226 1218 1213 1212 1215 1217 1218 1217 1214 1211 1209 1214 1220 1201 1178 1153 1101 1069 1066 1061 1053 1030 963 912
