generate_calibration_metrics/02_mk_vector_for_grid_location/topo100.asc
ncols         767
nrows         739
xllcorner     405061.89957022
yllcorner     1243310.870597
cellsize      100
NODATA_value  -9999
[rows 494 to 531 of 739, columns 258 to 343 of 767]
1262 1252 1240 1230 1212 1193 1201 1168 1146 1141 1119 1113 1096 1061 1054 1046 1047 1087 1091 1101 1104 1103 1113 1090 1081 1071 1057 1094 1069 1025 978 914 903 793 731 675 636 605 548 504 465 435 434 428 448 510 575 638 688 740 785 827 845 882 923 965 1015 949 928 950 937 929 939 968 1017 1082 1123 1186 1253 1398 1463 1494 1513 1535 1552 1574 1594 1631 1663 1728 1805 1765 1711 1671 1627 1583
1288 1282 1292 1277 1252 1240 1222 1202 1183 1182 1161 1145 1145 1128 1113 1097 1092 1133 1148 1145 1144 1129 1140 1136 1133 1127 1116 1149 1111 1081 1023 980 917 825 773 727 693 670 606 564 514 476 466 450 428 447 524 563 614 691 734 777 811 828 876 909 931 917 850 861 872 884 916 924 987 1088 1148 1192 1268 1373 1471 1505 1528 1550 1565 1590 1618 1651 1728 1751 1732 1711 1677 1609 1575 1522
1336 1326 1338 1310 1289 1272 1248 1237 1232 1229 1207 1184 1201 1189 1172 1154 1145 1181 1195 1182 1185 1171 1182 1181 1174 1171 1161 1166 1142 1124 1074 1019 937 869 822 781 744 686 668 625 561 522 502 486 449 422 444 518 545 615 671 741 779 780 836 860 855 829 779 807 831 860 899 943 1020 1135 1224 1290 1397 1435 1505 1546 1549 1559 1574 1611 1662 1704 1755 1737 1668 1631 1601 1553 1505 1467
1358 1352 1353 1344 1324 1308 1277 1268 1270 1265 1252 1238 1232 1239 1227 1213 1202 1225 1233 1231 1228 1222 1206 1233 1227 1211 1205 1199 1194 1173 1128 1062 956 908 881 842 785 726 715 660 618 573 543 521 470 430 421 450 467 535 599 666 712 719 736 776 769 751 729 756 782 814 881 948 1028 1097 1195 1330 1385 1422 1472 1497 1522 1552 1558 1580 1659 1714 1748 1721 1628 1573 1551 1512 1478 1457
1394 1392 1383 1380 1356 1340 1315 1283 1294 1297 1294 1278 1282 1294 1279 1274 1249 1234 1259 1273 1272 1260 1250 1264 1271 1257 1242 1229 1239 1225 1200 1135 1023 946 927 891 864 788 760 702 656 644 613 558 519 474 432 421 425 437 501 561 615 618 648 684 678 684 716 718 771 842 909 980 1074 1131 1198 1280 1327 1349 1385 1413 1443 1484 1491 1524 1570 1660 1729 1669 1582 1546 1521 1495 1472 1458
1422 1409 1394 1407 1388 1366 1340 1307 1311 1310 1314 1315 1308 1330 1324 1315 1296 1275 1308 1302 1307 1309 1303 1314 1319 1315 1303 1273 1279 1260 1234 1186 1049 987 963 936 883 826 745 734 736 706 647 586 575 519 472 441 417 402 428 499 543 584 583 613 628 653 682 724 795 887 992 1048 1126 1170 1208 1255 1296 1324 1353 1374 1399 1424 1449 1475 1505 1555 1657 1645 1562 1532 1502 1486 1477 1466
1469 1454 1446 1458 1433 1406 1366 1337 1325 1317 1327 1330 1327 1340 1359 1360 1354 1340 1344 1362 1354 1361 1361 1345 1360 1358 1354 1334 1307 1330 1298 1243 1116 1042 1024 983 921 835 776 841 815 756 689 654 634 585 529 503 463 427 402 432 482 514 528 563 599 622 665 765 853 956 1035 1119 1149 1180 1210 1249 1286 1319 1346 1363 1384 1409 1432 1461 1490 1518 1578 1650 1575 1538 1514 1494 1486 1476
1499 1487 1486 1481 1464 1427 1371 1353 1336 1345 1357 1357 1365 1359 1374 1382 1394 1378 1376 1413 1404 1412 1409 1387 1400 1379 1374 1370 1360 1371 1334 1249 1150 1094 1033 965 919 876 855 883 809 759 738 703 667 618 566 530 489 435 402 402 446 490 510 525 587 639 702 784 843 942 1009 1074 1122 1160 1221 1257 1300 1332 1357 1372 1393 1414 1435 1478 1505 1534 1593 1638 1609 1573 1549 1521 1499 1488
1546 1538 1526 1508 1476 1423 1390 1375 1354 1367 1373 1386 1388 1383 1387 1411 1440 1445 1439 1463 1460 1449 1443 1438 1428 1439 1434 1428 1418 1359 1302 1225 1162 1084 1026 999 958 941 941 895 831 810 785 744 689 653 616 569 516 460 432 402 421 460 474 482 543 606 667 730 749 830 913 965 1046 1107 1187 1239 1296 1338 1376 1390 1409 1430 1454 1511 1533 1564 1621 1663 1648 1624 1599 1580 1542 1515
1594 1587 1565 1539 1529 1440 1416 1400 1381 1376 1395 1407 1409 1403 1413 1477 1556 1528 1495 1487 1499 1491 1476 1467 1459 1411 1379 1365 1338 1309 1220 1171 1118 1077 1046 1046 1001 975 959 909 909 866 833 796 738 702 665 624 571 516 475 445 402 409 427 430 470 521 570 637 692 771 880 970 1042 1127 1213 1290 1346 1371 1388 1423 1454 1487 1519 1556 1598 1630 1675 1687 1664 1644 1622 1614 1577 1518
1645 1625 1605 1624 1529 1439 1426 1421 1411 1407 1419 1429 1433 1428 1448 1562 1638 1567 1534 1525 1534 1541 1503 1463 1403 1332 1296 1274 1254 1235 1192 1167 1142 1097 1069 1049 1034 993 965 931 927 917 882 826 765 720 703 662 615 545 493 507 459 399 396 414 427 466 512 581 637 701 832 933 1016 1108 1167 1244 1326 1395 1430 1455 1481 1532 1580 1613 1625 1645 1653 1632 1640 1584 1591 1600 1541 1474
1692 1682 1715 1695 1595 1462 1436 1433 1428 1423 1435 1440 1448 1447 1461 1612 1697 1630 1580 1558 1553 1517 1475 1413 1374 1317 1291 1267 1245 1235 1212 1184 1169 1138 1091 1093 1061 1029 980 969 961 978 942 882 818 772 759 710 656 587 539 581 535 481 423 396 392 410 457 507 568 622 716 811 957 1063 1114 1180 1252 1326 1397 1424 1482 1537 1571 1589 1556 1582 1581 1554 1550 1513 1513 1528 1471 1405
1797 1780 1792 1721 1579 1474 1450 1447 1445 1442 1442 1456 1460 1458 1495 1599 1734 1686 1601 1563 1518 1484 1443 1402 1347 1308 1296 1275 1254 1231 1212 1199 1180 1142 1119 1100 1096 1036 1009 1012 1007 1008 983 919 866 818 805 748 683 618 609 601 572 528 486 417 392 382 397 439 499 536 608 702 862 1001 1078 1121 1203 1268 1323 1350 1407 1462 1484 1507 1528 1506 1512 1492 1481 1471 1441 1440 1400 1340
1809 1727 1711 1684 1568 1485 1463 1460 1461 1459 1460 1471 1471 1470 1485 1553 1698 1681 1585 1543 1519 1481 1438 1388 1352 1331 1318 1295 1273 1249 1224 1228 1208 1172 1150 1124 1117 1091 1062 1060 1043 1064 1042 989 928 883 843 793 717 656 662 644 617 574 527 461 406 389 375 375 433 506 563 633 755 904 994 1030 1109 1181 1242 1296 1317 1378 1417 1441 1458 1432 1443 1434 1424 1421 1372 1366 1337 1292
1706 1656 1614 1631 1639 1521 1486 1469 1468 1469 1468 1475 1480 1482 1502 1549 1628 1660 1610 1555 1518 1482 1443 1416 1380 1356 1336 1328 1312 1301 1266 1238 1244 1219 1192 1149 1127 1133 1134 1133 1117 1093 1107 1054 982 924 870 807 736 702 708 672 653 615 558 486 424 427 405 375 380 467 560 654 728 818 924 962 1042 1100 1151 1224 1252 1297 1349 1382 1400 1383 1372 1364 1360 1356 1317 1292 1271 1236
1664 1577 1574 1573 1604 1567 1496 1483 1479 1479 1469 1478 1485 1498 1528 1576 1643 1676 1610 1540 1517 1486 1455 1434 1406 1388 1363 1364 1347 1337 1305 1279 1275 1248 1235 1207 1167 1174 1181 1185 1174 1149 1135 1076 1014 945 873 807 765 754 736 701 684 648 578 502 458 457 463 418 368 414 504 623 725 804 864 936 962 1014 1062 1121 1170 1192 1253 1291 1322 1343 1305 1303 1298 1294 1286 1238 1222 1197
1633 1565 1528 1529 1538 1578 1553 1522 1493 1498 1493 1490 1503 1516 1547 1599 1669 1678 1600 1554 1525 1501 1486 1466 1444 1423 1400 1393 1385 1371 1348 1320 1312 1295 1265 1250 1223 1210 1228 1221 1211 1199 1149 1105 1052 981 900 831 825 798 770 727 703 695 629 550 519 514 523 486 394 357 444 512 652 752 831 890 934 983 1031 1071 1109 1134 1178 1219 1249 1277 1245 1247 1242 1239 1230 1189 1166 1145
1588 1521 1508 1510 1512 1526 1578 1588 1535 1510 1519 1513 1522 1532 1568 1639 1705 1671 1631 1582 1546 1516 1507 1488 1471 1452 1433 1420 1420 1402 1381 1353 1340 1331 1312 1284 1268 1250 1279 1252 1223 1191 1148 1103 1055 980 912 865 883 837 795 753 732 717 646 599 572 554 567 511 425 346 392 466 587 689 807 879 913 952 1000 1040 1080 1099 1125 1161 1194 1218 1225 1202 1196 1188 1177 1141 1119 1101
1527 1507 1501 1500 1503 1513 1533 1555 1526 1524 1528 1542 1532 1552 1604 1671 1669 1671 1647 1621 1589 1550 1528 1516 1499 1486 1468 1451 1452 1434 1413 1390 1367 1365 1348 1328 1310 1297 1292 1267 1235 1188 1159 1114 1053 995 969 940 918 894 848 805 777 762 706 656 626 605 591 563 483 391 336 386 471 602 747 829 870 913 961 1001 1040 1073 1082 1112 1146 1167 1175 1159 1154 1143 1128 1118 1081 1058
1521 1500 1496 1486 1487 1489 1494 1507 1501 1504 1482 1499 1508 1497 1519 1563 1585 1598 1568 1637 1608 1585 1553 1530 1518 1506 1494 1478 1482 1459 1439 1419 1397 1385 1392 1368 1355 1326 1305 1252 1207 1183 1152 1100 1050 1043 1019 1002 980 950 882 835 810 784 763 696 654 641 635 603 511 430 355 336 380 549 687 773 849 882 955 994 1019 1045 1063 1082 1107 1128 1142 1120 1108 1098 1086 1078 1041 1028
1507 1487 1482 1458 1458 1459 1463 1477 1471 1464 1449 1446 1452 1451 1464 1485 1512 1504 1528 1552 1598 1574 1569 1552 1519 1516 1515 1511 1493 1487 1466 1447 1430 1426 1429 1401 1369 1344 1312 1268 1228 1194 1138 1085 1092 1085 1072 1053 1026 1004 921 870 844 820 811 745 683 664 656 635 559 479 405 334 334 450 583 701 790 845 916 973 1005 1022 1038 1051 1067 1084 1100 1089 1072 1062 1057 1044 1033 1013
1485 1472 1453 1433 1415 1404 1416 1422 1399 1403 1412 1417 1425 1442 1429 1433 1445 1465 1468 1477 1507 1481 1485 1498 1474 1502 1523 1527 1515 1512 1494 1479 1465 1456 1453 1422 1379 1339 1316 1250 1227 1179 1133 1115 1122 1124 1120 1104 1081 1049 977 933 891 864 839 796 730 688 657 636 594 536 472 378 316 381 460 601 719 796 846 905 973 1007 1028 1025 1043 1059 1071 1073 1037 1028 1022 1014 1005 991
1429 1409 1399 1376 1352 1348 1364 1385 1394 1361 1345 1346 1351 1382 1366 1362 1386 1420 1426 1411 1417 1404 1403 1419 1423 1429 1480 1491 1507 1507 1537 1513 1492 1477 1459 1427 1380 1343 1306 1263 1222 1195 1164 1155 1152 1150 1144 1137 1110 1056 1026 977 935 905 864 814 759 721 685 640 600 541 499 425 314 332 407 543 663 754 782 860 965 993 1003 1000 1017 1027 1043 1040 1019 1008 998 988 987 960
1365 1348 1334 1334 1345 1348 1347 1367 1361 1321 1309 1282 1277 1305 1303 1299 1328 1348 1358 1344 1344 1339 1328 1325 1341 1348 1386 1407 1427 1437 1459 1531 1524 1502 1474 1444 1400 1361 1316 1279 1271 1214 1203 1193 1182 1184 1166 1152 1128 1099 1079 1033 992 955 907 867 806 765 745 701 657 588 525 472 378 304 334 432 542 643 717 818 936 969 978 989 991 1004 1014 1010 992 978 967 957 951 918
1325 1318 1330 1332 1341 1302 1299 1297 1292 1272 1242 1233 1228 1234 1258 1250 1272 1296 1310 1315 1290 1288 1283 1271 1280 1270 1304 1330 1352 1385 1389 1445 1519 1504 1475 1443 1404 1368 1341 1307 1264 1245 1218 1219 1206 1192 1176 1166 1155 1121 1097 1070 1036 975 930 875 838 807 789 756 679 625 556 489 410 320 290 347 478 588 715 812 908 935 949 963 963 976 981 981 977 935 924 915 899 887
1266 1252 1268 1270 1273 1243 1244 1238 1225 1224 1193 1194 1192 1202 1213 1202 1227 1236 1241 1254 1236 1239 1251 1243 1236 1224 1253 1286 1312 1345 1375 1399 1476 1509 1469 1447 1418 1383 1345 1309 1275 1277 1267 1250 1223 1208 1202 1182 1169 1148 1121 1100 1060 1010 969 913 887 849 834 807 741 679 601 531 457 369 310 290 384 508 612 705 817 902 921 939 934 940 940 936 933 888 880 869 858 838
1215 1204 1207 1217 1234 1219 1199 1190 1175 1179 1150 1154 1153 1169 1173 1166 1155 1162 1173 1189 1192 1193 1210 1219 1214 1213 1204 1236 1260 1284 1316 1336 1381 1443 1474 1445 1419 1394 1367 1341 1320 1306 1276 1270 1250 1229 1229 1190 1172 1161 1148 1121 1084 1047 999 950 930 891 869 848 796 741 639 571 497 412 336 290 296 439 529 615 723 836 876 901 908 903 897 890 879 865 823 813 797 781
1193 1158 1157 1170 1188 1165 1148 1147 1119 1122 1129 1113 1125 1124 1121 1124 1111 1128 1138 1150 1167 1151 1160 1174 1182 1191 1175 1184 1204 1239 1269 1282 1328 1371 1453 1434 1412 1404 1390 1368 1342 1327 1317 1296 1274 1255 1243 1215 1187 1165 1156 1136 1123 1069 1029 999 973 922 904 890 838 758 683 607 536 447 384 330 290 331 462 575 610 782 832 862 887 858 853 836 828 817 765 754 742 728
1152 1117 1111 1110 1122 1137 1079 1080 1079 1087 1092 1072 1069 1068 1074 1085 1076 1085 1098 1111 1125 1121 1114 1128 1138 1148 1139 1141 1158 1187 1213 1231 1252 1299 1352 1413 1407 1410 1410 1397 1377 1354 1342 1318 1298 1279 1257 1251 1228 1194 1159 1148 1148 1129 1080 1038 1003 982 931 925 893 820 750 664 586 499 427 390 359 290 358 477 469 627 754 807 831 802 799 782 765 760 709 701 672 647
1119 1065 1059 1059 1065 1068 1027 1024 1024 1037 1034 1027 1027 1035 1042 1051 1037 1041 1053 1066 1077 1083 1066 1083 1091 1097 1117 1091 1118 1139 1161 1189 1190 1242 1283 1350 1395 1391 1422 1433 1413 1375 1349 1325 1311 1295 1274 1268 1255 1227 1176 1149 1139 1149 1116 1059 1039 994 964 932 917 861 784 686 624 536 451 418 365 297 290 398 446 511 680 733 773 758 736 726 705 693 691 618 603 582
1057 1046 1002 1008 1012 1015 1004 985 984 992 995 1004 978 988 995 1002 1013 992 1000 1013 1030 1041 982 1025 1037 1057 1076 1035 1052 1081 1108 1137 1142 1167 1225 1276 1347 1348 1374 1399 1419 1401 1363 1340 1330 1314 1293 1285 1262 1253 1226 1190 1142 1127 1110 1101 1068 1037 1000 966 922 908 826 754 663 612 511 451 411 349 255 308 366 429 531 630 714 726 681 672 649 632 616 559 551 534
1013 988 921 931 930 934 943 898 892 907 926 947 899 925 931 935 950 934 931 946 944 969 904 949 976 983 1008 991 962 1003 1051 1055 1064 1093 1139 1194 1258 1323 1303 1333 1352 1391 1377 1360 1335 1320 1304 1292 1277 1268 1240 1223 1184 1164 1104 1062 1049 1057 998 954 904 905 867 781 708 608 553 489 450 406 330 246 268 361 459 551 644 659 624 587 576 559 555 520 490 474
939 913 869 861 863 868 865 839 822 831 843 865 874 851 857 870 876 860 848 859 873 884 887 862 888 918 918 907 888 926 958 996 1036 1025 1071 1133 1193 1278 1263 1266 1257 1286 1348 1345 1329 1329 1313 1304 1292 1265 1249 1215 1200 1169 1120 1074 1030 1037 981 914 902 904 851 780 722 669 584 522 498 454 370 307 236 313 356 478 555 583 569 529 523 513 509 478 447 441
866 853 827 823 832 834 832 826 787 780 784 799 809 792 792 795 804 812 779 780 784 793 809 776 798 820 834 832 803 825 858 900 954 952 996 1042 1114 1185 1211 1214 1197 1179 1222 1224 1327 1350 1333 1322 1296 1261 1242 1213 1190 1139 1109 1069 1035 980 960 891 882 857 816 762 684 665 624 566 529 516 420 346 285 232 232 343 486 532 528 480 471 464 459 448 419 416
841 823 819 814 814 809 806 799 788 775 762 766 761 767 777 779 761 750 727 705 713 724 738 736 739 748 761 771 766 742 786 843 881 920 943 987 1048 1135 1156 1131 1109 1098 1136 1194 1231 1328 1341 1317 1294 1252 1215 1185 1152 1113 1046 1023 990 956 908 841 823 813 780 717 643 620 593 563 543 487 454 389 317 270 234 228 355 483 480 447 436 429 428 428 405 364
849 837 819 814 814 809 805 800 797 787 774 751 743 730 728 726 726 725 705 673 673 679 689 714 699 709 706 687 699 668 701 759 806 863 879 921 968 1044 1082 1057 1060 1023 1058 1118 1177 1257 1292 1273 1260 1213 1188 1159 1108 1068 1020 978 944 896 879 845 798 738 726 689 600 572 560 540 513 483 440 411 368 336 308 261 210 326 444 436 382 371 359 354 332 294
855 846 834 823 817 812 808 805 800 792 781 759 741 731 718 715 692 686 661 644 640 651 656 675 684 667 644 601 608 614 617 673 721 774 772 833 896 952 1003 1013 982 942 988 1062 1118 1209 1234 1218 1210 1189 1117 1077 1032 1008 987 919 866 835 814 809 727 709 644 612 567 519 511 497 479 451 426 413 394 383 350 326 210 234 305 352 307 304 290 285 278 251
847 841 835 828 821 816 811 805 799 787 775 761 741 720 699 668 654 649 643 640 640 642 646 664 660 595 584 582 587 582 576 608 649 692 746 752 814 892 928 921 898 882 946 1027 1115 1157 1194 1171 1136 1128 1028 1004 967 954 939 860 813 786 769 752 667 637 609 573 533 489 467 459 452 444 439 427 420 407 390 340 247 200 225 274 269 254 246 245 240 235
