generate_calibration_metrics/02_mk_vector_for_grid_location/topo100.asc
ncols         767
nrows         739
xllcorner     405061.89957022
yllcorner     1243310.870597
cellsize      100
NODATA_value  -9999
[rows 456 to 493 of 739, columns 344 to 429 of 767]
1724 1690 1672 1635 1653 1675 1631 1561 1492 1466 1435 1403 1377 1343 1314 1298 1271 1239 1198 1154 1131 1130 1124 1109 1092 1067 1059 1036 988 927 894 866 840 795 763 732 724 710 686 670 667 663 656 642 636 636 636 636 636 636 636 636 636 636 636 636 636 639 645 652 654 656 662 678 698 713 721 725 760 814 852 883 910 972 978 1015 1039 1037 1021 1055 1091 1102 1113 1165 1171 1178
1622 1581 1566 1545 1541 1567 1553 1516 1484 1426 1393 1368 1345 1318 1283 1264 1231 1203 1175 1131 1129 1126 1122 1110 1099 1049 1003 986 948 885 856 834 810 784 726 698 690 675 668 664 660 656 645 638 636 636 636 636 636 636 636 636 636 636 636 639 646 652 656 666 666 670 682 706 737 753 755 757 767 853 904 934 966 1001 1038 1070 1091 1081 1079 1103 1127 1141 1154 1189 1203 1217
1579 1514 1501 1504 1469 1484 1480 1463 1441 1383 1360 1335 1318 1295 1254 1228 1213 1189 1144 1132 1129 1126 1126 1126 1106 1066 995 932 915 852 826 799 773 752 703 695 688 675 669 663 658 652 646 640 636 636 636 636 636 636 636 636 636 636 640 648 658 663 667 682 687 692 708 725 777 792 791 787 791 860 929 979 1020 1053 1097 1116 1131 1132 1113 1139 1145 1159 1185 1204 1218 1245
1548 1489 1453 1446 1430 1420 1421 1412 1398 1362 1344 1323 1291 1266 1228 1183 1187 1159 1131 1128 1117 1112 1111 1099 1041 1012 972 898 857 825 811 791 764 728 705 708 700 688 671 663 655 649 643 639 636 636 636 636 636 636 636 636 636 637 648 659 670 679 688 706 712 723 746 771 806 837 838 821 826 885 965 1035 1067 1092 1139 1150 1161 1164 1151 1164 1168 1180 1203 1223 1235 1282
1522 1467 1420 1405 1397 1378 1373 1364 1352 1343 1295 1277 1251 1222 1190 1137 1132 1125 1119 1110 1074 1060 1052 1033 1009 941 917 873 847 830 823 801 770 737 725 732 718 696 673 663 653 643 639 637 636 636 636 636 636 636 636 636 639 642 652 673 687 699 714 715 748 764 792 817 847 892 891 867 862 903 987 1064 1097 1127 1147 1175 1185 1191 1181 1176 1196 1213 1231 1239 1261 1305
1497 1467 1417 1386 1373 1345 1337 1325 1310 1300 1209 1174 1153 1143 1128 1098 1077 1076 1073 1065 1033 1014 1001 979 954 936 911 881 861 845 826 797 759 731 732 723 710 689 669 662 652 643 639 636 636 636 636 636 636 636 640 645 651 658 669 702 716 735 741 750 794 819 843 867 892 947 949 916 896 903 972 1054 1114 1146 1170 1202 1223 1230 1215 1204 1234 1247 1262 1272 1278 1319
1471 1448 1412 1370 1345 1321 1274 1256 1235 1203 1165 1131 1113 1095 1093 1078 1067 1067 1062 1045 1030 1012 995 977 959 941 917 895 873 841 810 776 742 706 707 703 680 671 664 658 651 643 638 636 636 636 636 636 637 639 646 661 671 684 701 715 749 772 775 786 829 868 897 923 948 1014 995 943 925 924 992 1080 1134 1166 1193 1232 1260 1264 1249 1244 1267 1278 1291 1302 1305 1342
1457 1418 1391 1352 1304 1282 1232 1203 1169 1139 1131 1124 1107 1093 1086 1080 1075 1071 1068 1059 1040 1026 1006 989 971 953 931 912 882 848 812 787 748 709 683 678 670 668 665 659 653 645 640 636 636 636 636 638 644 652 658 680 694 712 727 744 777 802 814 823 836 899 937 966 1001 1026 1059 1011 969 956 1003 1091 1148 1182 1214 1249 1280 1298 1286 1275 1275 1307 1316 1329 1333 1348
1425 1377 1345 1312 1276 1249 1239 1208 1179 1157 1138 1122 1108 1095 1087 1081 1076 1071 1067 1057 1042 1032 1014 996 968 949 922 896 867 843 814 789 760 722 694 679 671 668 663 657 652 645 639 636 636 636 637 648 661 670 676 707 732 749 765 781 827 851 863 869 878 940 990 1031 1065 1086 1109 1061 1015 1004 1041 1111 1172 1214 1246 1266 1300 1318 1320 1309 1314 1338 1347 1358 1367 1383
1378 1345 1286 1259 1259 1255 1240 1204 1179 1159 1141 1123 1106 1094 1089 1082 1077 1071 1064 1056 1045 1036 1018 994 965 939 917 887 862 841 814 790 766 740 711 690 679 670 662 656 650 645 639 636 636 636 641 665 681 690 701 733 762 786 801 819 851 885 902 908 919 944 1014 1068 1110 1133 1155 1131 1065 1052 1064 1117 1172 1227 1261 1280 1301 1321 1342 1341 1343 1356 1371 1383 1392 1399
1339 1312 1283 1274 1259 1253 1250 1209 1180 1167 1155 1130 1119 1101 1093 1086 1079 1071 1063 1055 1046 1036 1017 993 955 923 899 865 850 828 808 792 765 743 718 697 680 668 660 653 648 642 637 636 636 641 656 700 714 723 734 745 785 811 834 855 874 907 933 949 961 971 1026 1092 1150 1180 1180 1193 1123 1094 1100 1120 1174 1219 1263 1285 1303 1323 1345 1362 1371 1380 1396 1407 1415 1420
1324 1307 1303 1289 1275 1254 1242 1194 1170 1160 1153 1136 1122 1109 1096 1088 1081 1073 1064 1056 1046 1035 1020 998 961 920 876 853 832 820 803 783 748 732 717 696 677 664 657 649 643 639 636 636 642 664 695 736 744 754 762 773 807 829 853 876 899 932 969 1000 1012 1013 1065 1113 1165 1212 1224 1235 1172 1136 1139 1151 1200 1239 1273 1293 1310 1333 1354 1377 1393 1398 1421 1430 1436 1442
1328 1318 1310 1302 1288 1266 1245 1204 1165 1159 1153 1143 1135 1124 1107 1092 1086 1079 1070 1061 1052 1040 1029 1021 998 959 913 883 861 827 814 787 765 752 732 709 681 665 655 647 640 637 636 636 647 677 712 734 757 775 789 799 813 847 869 895 924 966 1003 1049 1076 1079 1093 1145 1175 1206 1240 1254 1238 1188 1183 1187 1216 1249 1281 1303 1318 1345 1362 1381 1405 1418 1433 1449 1458 1464
1330 1322 1315 1311 1297 1276 1253 1225 1188 1170 1161 1156 1146 1144 1125 1104 1094 1084 1075 1065 1059 1046 1035 1026 984 934 904 884 851 834 821 811 788 766 742 705 670 661 651 643 637 636 636 641 657 692 730 754 791 807 818 826 841 875 900 920 950 985 1056 1098 1147 1167 1145 1188 1214 1235 1253 1271 1278 1248 1233 1229 1235 1296 1317 1325 1335 1352 1385 1399 1419 1441 1452 1469 1479 1488
1331 1325 1318 1314 1302 1280 1260 1245 1234 1188 1174 1168 1162 1155 1134 1116 1102 1091 1090 1079 1081 1081 1063 1000 957 923 891 871 853 852 841 825 805 760 727 698 669 663 654 639 639 636 636 643 668 702 739 773 808 831 843 847 861 897 919 942 960 988 1059 1116 1175 1214 1211 1223 1245 1260 1272 1281 1306 1310 1280 1265 1279 1334 1360 1371 1372 1378 1407 1416 1432 1453 1473 1497 1500 1514
1336 1329 1323 1318 1309 1294 1278 1262 1256 1219 1185 1178 1176 1176 1174 1149 1139 1124 1113 1139 1139 1120 1065 989 928 906 887 866 849 838 826 793 761 737 711 694 674 665 657 666 659 644 641 656 688 728 766 797 822 847 860 869 885 914 955 983 999 1014 1060 1118 1189 1235 1254 1273 1286 1294 1303 1307 1318 1346 1322 1307 1322 1352 1400 1420 1430 1427 1438 1448 1456 1465 1493 1528 1540 1552
1340 1334 1327 1319 1314 1300 1286 1272 1257 1247 1225 1211 1205 1210 1229 1205 1200 1198 1175 1203 1169 1117 1057 987 925 899 884 854 831 797 779 749 728 725 712 701 690 688 687 687 673 660 651 667 703 742 784 818 840 864 875 889 911 943 999 1028 1048 1055 1073 1135 1204 1259 1285 1294 1322 1326 1333 1334 1342 1390 1384 1355 1358 1385 1430 1448 1462 1465 1458 1477 1477 1481 1493 1526 1541 1567
1353 1341 1334 1327 1323 1307 1300 1283 1265 1266 1263 1256 1251 1247 1256 1255 1259 1267 1246 1215 1156 1099 1050 986 909 874 856 833 801 786 769 754 734 724 716 706 701 701 701 692 681 674 666 673 714 754 785 815 843 867 895 914 945 983 1039 1083 1110 1106 1116 1171 1217 1279 1325 1337 1352 1355 1366 1367 1372 1407 1455 1417 1411 1420 1460 1468 1479 1488 1487 1508 1505 1498 1491 1500 1503 1522
1369 1357 1343 1336 1334 1337 1327 1310 1293 1291 1309 1296 1277 1268 1267 1295 1300 1287 1254 1195 1118 1060 995 931 881 842 824 820 804 794 791 770 747 728 715 703 702 701 700 691 684 678 675 687 720 764 786 818 852 887 924 956 997 1039 1080 1139 1173 1156 1163 1197 1245 1284 1353 1382 1364 1376 1387 1393 1398 1450 1521 1500 1480 1471 1484 1499 1499 1514 1522 1522 1534 1522 1506 1499 1490 1492
1409 1394 1375 1362 1359 1386 1371 1356 1347 1338 1368 1347 1322 1307 1306 1330 1303 1259 1213 1186 1097 1031 964 906 865 860 854 849 843 825 804 774 751 732 717 701 699 698 696 692 690 687 690 699 719 751 787 815 854 892 944 987 1027 1079 1120 1193 1221 1213 1209 1224 1273 1291 1340 1417 1421 1399 1403 1414 1421 1449 1563 1594 1565 1541 1522 1541 1527 1526 1534 1539 1549 1547 1529 1512 1489 1467
1449 1440 1423 1407 1407 1439 1433 1431 1422 1412 1404 1416 1391 1371 1372 1351 1298 1225 1183 1142 1041 982 939 904 885 881 889 868 843 825 784 752 731 716 703 701 699 696 694 694 694 695 697 707 729 764 798 833 875 916 978 1022 1067 1119 1177 1227 1269 1273 1270 1270 1307 1332 1367 1441 1462 1429 1429 1436 1447 1493 1578 1667 1670 1636 1603 1590 1565 1545 1547 1547 1555 1566 1557 1522 1489 1466
1473 1492 1489 1475 1461 1458 1483 1484 1472 1458 1460 1468 1448 1422 1394 1341 1254 1172 1120 1083 1039 989 964 946 934 924 898 851 812 792 764 733 718 702 701 700 700 700 700 699 700 699 705 720 743 772 811 848 893 935 981 1047 1088 1136 1212 1266 1315 1331 1335 1326 1329 1363 1380 1428 1487 1468 1456 1452 1458 1499 1560 1650 1698 1713 1689 1658 1618 1572 1564 1558 1561 1577 1589 1586 1544 1491
1509 1583 1556 1527 1512 1508 1528 1544 1533 1516 1497 1493 1461 1423 1377 1333 1234 1152 1093 1051 1024 1017 1000 978 962 939 857 802 772 755 738 729 720 706 702 701 704 704 703 701 700 702 713 728 754 781 811 851 896 952 1008 1068 1117 1162 1228 1284 1340 1368 1377 1377 1365 1392 1398 1421 1470 1515 1502 1475 1473 1507 1571 1631 1661 1694 1710 1684 1681 1630 1586 1574 1573 1585 1607 1640 1587 1507
1591 1620 1591 1564 1550 1547 1591 1611 1572 1549 1518 1466 1427 1394 1344 1287 1206 1125 1091 1066 1047 1013 989 974 954 913 820 775 760 749 741 731 727 718 709 706 707 706 703 700 701 710 720 734 757 780 809 850 896 957 1016 1069 1126 1191 1258 1311 1348 1376 1394 1403 1400 1404 1421 1436 1466 1515 1543 1507 1496 1533 1598 1590 1599 1631 1672 1703 1695 1706 1675 1616 1581 1599 1633 1679 1621 1537
1624 1632 1605 1585 1579 1581 1622 1638 1605 1557 1506 1463 1408 1366 1300 1237 1177 1125 1088 1060 1038 1000 950 933 914 882 835 800 783 755 739 729 721 718 714 710 709 709 707 702 701 708 725 739 760 784 811 854 898 938 981 1036 1083 1147 1210 1273 1323 1329 1365 1399 1411 1428 1447 1448 1465 1494 1542 1564 1540 1556 1588 1576 1530 1543 1574 1614 1647 1642 1652 1659 1647 1618 1636 1680 1645 1565
1552 1577 1557 1586 1600 1623 1645 1644 1616 1577 1537 1483 1438 1349 1272 1219 1174 1115 1072 1037 1008 975 938 910 882 852 826 808 759 730 725 723 717 716 713 711 711 706 705 704 704 713 730 749 772 795 821 873 919 960 989 1030 1091 1140 1186 1234 1283 1320 1351 1392 1425 1451 1471 1464 1481 1508 1544 1610 1611 1602 1560 1521 1460 1475 1512 1542 1565 1568 1576 1573 1596 1612 1594 1619 1643 1600
1509 1514 1503 1518 1534 1548 1581 1631 1621 1613 1569 1503 1388 1301 1256 1219 1161 1091 1052 1025 993 969 942 916 892 864 838 780 736 723 720 718 717 715 714 712 709 706 704 705 711 719 729 750 774 801 832 886 925 965 1013 1044 1094 1168 1209 1241 1276 1334 1377 1413 1447 1477 1511 1511 1516 1526 1545 1605 1629 1577 1522 1469 1421 1423 1457 1489 1517 1511 1531 1522 1506 1535 1530 1575 1573 1599
1480 1477 1487 1476 1483 1486 1497 1521 1521 1538 1547 1459 1368 1303 1254 1196 1148 1104 1063 1022 986 959 942 901 865 827 783 755 724 719 717 715 715 715 711 706 705 705 710 717 721 725 731 762 788 818 857 900 970 1006 1034 1082 1141 1212 1249 1282 1314 1368 1431 1459 1501 1526 1533 1579 1578 1581 1594 1625 1599 1536 1467 1418 1399 1401 1427 1454 1476 1492 1473 1471 1447 1453 1489 1517 1529 1541
1457 1453 1457 1450 1457 1464 1469 1480 1469 1468 1447 1404 1351 1293 1236 1162 1110 1086 1047 1016 992 964 928 847 813 776 746 732 718 716 715 715 715 716 708 705 705 710 725 727 727 729 743 775 804 835 879 932 1001 1056 1085 1104 1157 1236 1299 1332 1374 1416 1483 1490 1543 1588 1610 1657 1646 1643 1637 1630 1580 1504 1431 1387 1377 1368 1390 1413 1427 1437 1424 1430 1408 1396 1407 1433 1483 1487
1461 1443 1436 1431 1430 1435 1442 1446 1425 1421 1404 1379 1344 1289 1220 1155 1090 1065 1039 1003 960 918 876 833 764 742 730 722 716 715 716 717 719 719 711 705 707 720 728 748 750 751 759 782 818 854 897 955 1033 1097 1134 1138 1156 1221 1298 1363 1420 1471 1511 1544 1574 1623 1667 1665 1654 1642 1619 1610 1564 1493 1420 1371 1353 1348 1349 1365 1385 1395 1397 1390 1370 1366 1380 1396 1439 1456
1458 1435 1426 1421 1409 1408 1410 1408 1409 1379 1372 1353 1306 1250 1186 1128 1088 1061 1016 922 889 858 828 785 748 732 725 717 715 716 718 723 724 723 717 705 706 721 740 761 767 783 798 810 857 893 937 994 1052 1143 1182 1173 1179 1228 1301 1356 1377 1407 1478 1497 1534 1569 1603 1625 1604 1606 1585 1573 1545 1458 1402 1359 1339 1332 1324 1329 1336 1349 1373 1367 1352 1343 1345 1365 1389 1416
1465 1438 1423 1412 1396 1387 1379 1369 1362 1332 1316 1306 1270 1223 1143 1088 1042 994 950 894 856 835 809 776 752 740 732 724 718 722 725 731 739 733 726 707 705 714 734 755 768 790 817 841 884 918 958 1009 1066 1162 1223 1221 1213 1248 1298 1327 1313 1337 1387 1406 1458 1495 1529 1556 1521 1537 1541 1532 1499 1434 1399 1362 1340 1327 1305 1299 1297 1301 1329 1321 1329 1311 1312 1335 1332 1353
1478 1451 1428 1411 1394 1379 1364 1346 1316 1281 1241 1214 1195 1166 1126 1030 985 951 919 881 843 817 784 760 749 745 740 729 726 731 781 765 752 735 722 705 705 711 728 748 770 796 824 856 891 942 991 1048 1115 1200 1270 1266 1254 1298 1318 1297 1260 1294 1337 1379 1398 1444 1464 1482 1487 1471 1475 1466 1442 1403 1368 1343 1330 1318 1297 1282 1278 1278 1285 1297 1297 1294 1292 1308 1292 1302
1484 1461 1435 1413 1392 1376 1358 1335 1291 1265 1182 1127 1101 1079 1052 989 953 923 891 863 832 807 778 756 751 754 756 763 768 784 760 741 727 717 705 705 705 705 722 738 760 791 821 856 900 959 1008 1067 1140 1226 1295 1304 1295 1314 1319 1258 1227 1246 1288 1335 1349 1390 1424 1434 1443 1430 1429 1422 1405 1379 1328 1309 1304 1303 1297 1280 1271 1265 1263 1268 1277 1281 1270 1274 1273 1258
1497 1480 1455 1429 1403 1388 1363 1337 1285 1236 1160 1120 1083 1052 1020 979 942 917 886 858 816 797 775 762 761 783 791 790 787 767 732 716 710 705 705 705 705 705 723 729 760 793 828 869 913 973 1028 1092 1167 1251 1324 1331 1323 1304 1270 1212 1197 1209 1232 1287 1318 1345 1375 1400 1411 1385 1383 1375 1353 1337 1283 1273 1274 1279 1280 1265 1261 1255 1249 1252 1240 1245 1240 1242 1245 1226
1508 1493 1468 1440 1419 1396 1370 1320 1254 1175 1131 1092 1067 1029 994 953 914 876 847 828 809 800 794 789 789 790 762 737 730 724 712 706 705 705 705 705 717 718 728 742 769 809 852 896 943 1007 1060 1123 1202 1285 1337 1348 1326 1275 1215 1182 1171 1185 1199 1232 1263 1303 1332 1347 1358 1366 1335 1324 1304 1287 1271 1257 1251 1253 1259 1251 1247 1246 1243 1224 1204 1205 1205 1209 1212 1210
1517 1520 1505 1474 1452 1425 1343 1271 1204 1150 1109 1069 1033 1000 972 948 905 869 852 840 825 823 805 796 784 772 739 725 721 721 714 712 706 710 712 718 736 746 758 768 784 825 864 909 960 1010 1076 1142 1216 1290 1355 1368 1349 1288 1198 1145 1132 1156 1174 1192 1224 1234 1276 1294 1302 1311 1285 1285 1276 1266 1259 1234 1224 1224 1229 1231 1217 1220 1218 1204 1198 1182 1182 1185 1187 1187
1549 1522 1509 1470 1422 1387 1296 1221 1176 1141 1106 1062 1012 972 950 937 909 891 881 869 848 820 800 781 763 744 725 722 721 721 720 724 723 725 728 735 756 775 789 795 812 850 886 933 986 1034 1103 1181 1258 1332 1370 1369 1343 1273 1177 1116 1099 1130 1157 1176 1196 1202 1221 1239 1245 1256 1253 1250 1247 1241 1233 1196 1194 1196 1200 1203 1185 1191 1192 1183 1174 1164 1164 1165 1169 1169
